,0,1
0,-1.2339019775390625,36.80351257324219
1,-1.2352752685546875,36.80351257324219
2,-1.2339019775390625,36.80213928222656
3,-1.2339019775390625,36.80076599121094
4,-1.2339019775390625,36.79939270019531
5,-1.2339019775390625,36.79801940917969
6,-1.2325286865234375,36.79801940917969
7,-1.2325286865234375,36.79664611816406
8,-1.2339019775390625,36.79527282714844
9,-1.2339019775390625,36.79389953613281
10,-1.2352752685546875,36.79389953613281
11,-1.2352752685546875,36.79252624511719
12,-1.2366485595703125,36.79252624511719
13,-1.2380218505859375,36.79252624511719
14,-1.2380218505859375,36.79115295410156
